2.5 1 1 1 0 0 0 0
2.42 0.98 1.015 1.015 -0.56 -0.00403606 0 0
2.34 0.96 1.03 1.03 -0.783837 -0.00673673 0 0
2.26 0.94 1.045 1.045 -0.949947 -0.00937861 0 0
2.18 0.92 1.06 1.06 -1.08517 -0.0119574 0 0
2.1 0.9 1.075 1.075 -1.2 -0.014477 0 0
2.02 0.88 1.09 1.09 -1.29985 -0.0169385 0 0
1.94 0.86 1.105 1.105 -1.38795 -0.0193438 0 0
1.86 0.84 1.12 1.12 -1.46642 -0.021694 0 0
1.78 0.82 1.135 1.135 -1.53675 -0.023989 0 0
1.7 0.8 1.15 1.15 -1.6 -0.0262315 0 0
1.62 0.78 1.165 1.165 -1.65699 -0.02842 0 0
1.54 0.76 1.18 1.18 -1.70833 -0.0305557 0 0
1.46 0.74 1.195 1.195 -1.75454 -0.0326371 0 0
1.38 0.72 1.21 1.21 -1.796 -0.0346659 0 0
1.3 0.7 1.225 1.225 -1.83303 -0.0366391 0 0
1.22 0.68 1.24 1.24 -1.8659 -0.0385568 0 0
1.14 0.66 1.255 1.255 -1.89484 -0.0404166 0 0
1.06 0.64 1.27 1.27 -1.92 -0.042218 0 0
0.98 0.62 1.285 1.285 -1.94155 -0.0439579 0 0
0.9 0.6 1.3 1.3 -1.95959 -0.0456334 0 0
0.82 0.58 1.315 1.315 -1.97423 -0.0472426 0 0
0.74 0.56 1.33 1.33 -1.98555 -0.0487821 0 0
0.66 0.54 1.345 1.345 -1.99359 -0.0502475 0 0
0.58 0.52 1.36 1.36 -1.9984 -0.0516351 0 0
0.5 0.5 1.375 1.375 -2 -0.0529405 0 0
0.42 0.48 1.39 1.39 -1.9984 -0.0541582 0 0
0.34 0.46 1.405 1.405 -1.99359 -0.0552822 0 0
0.26 0.44 1.42 1.42 -1.98555 -0.056307 0 0
0.18 0.42 1.435 1.435 -1.97423 -0.0572253 0 0
0.1 0.4 1.45 1.45 -1.95959 -0.0580296 0 0
0.02 0.38 1.465 1.465 -1.94155 -0.0587122 0 0
-0.06 0.36 1.48 1.48 -1.92 -0.0592635 0 0
-0.14 0.34 1.495 1.495 -1.89484 -0.0596726 0 0
-0.22 0.32 1.51 1.51 -1.8659 -0.059928 0 0
-0.3 0.3 1.525 1.525 -1.83303 -0.060017 0 0
-0.38 0.28 1.54 1.54 -1.796 -0.0599255 0 0
-0.46 0.26 1.555 1.555 -1.75454 -0.0596373 0 0
-0.54 0.24 1.57 1.57 -1.70833 -0.0591311 0 0
-0.62 0.22 1.585 1.585 -1.65699 -0.0583864 0 0
-0.7 0.2 1.6 1.6 -1.6 -0.0573755 0 0
-0.78 0.18 1.615 1.615 -1.53675 -0.0560665 0 0
-0.86 0.16 1.63 1.63 -1.46642 -0.0544187 0 0
-0.94 0.14 1.645 1.645 -1.38795 -0.0523795 0 0
-1.02 0.12 1.66 1.66 -1.29985 -0.0498818 0 0
-1.1 0.1 1.675 1.675 -1.2 -0.0468279 0 0
-1.18 0.08 1.69 1.69 -1.08517 -0.0430723 0 0
-1.26 0.06 1.705 1.705 -0.949947 -0.0383755 0 0
-1.34 0.04 1.72 1.72 -0.783837 -0.0322764 0 0
-1.42 0.02 1.735 1.735 -0.56 -0.0236054 0 0
-1.5 0 1.75 1.75 0 0 0 0
-1.42 0.02 1.765 1.765 0.56 0.0236054 0 0
-1.34 0.04 1.78 1.78 0.783837 0.0322764 0 0
-1.26 0.06 1.795 1.795 0.949947 0.0383755 0 0
-1.18 0.08 1.81 1.81 1.08517 0.0430723 0 0
-1.1 0.1 1.825 1.825 1.2 0.0468279 0 0
-1.02 0.12 1.84 1.84 1.29985 0.0498818 0 0
-0.94 0.14 1.855 1.855 1.38795 0.0523795 0 0
-0.86 0.16 1.87 1.87 1.46642 0.0544187 0 0
-0.78 0.18 1.885 1.885 1.53675 0.0560665 0 0
-0.7 0.2 1.9 1.9 1.6 0.0573755 0 0
-0.62 0.22 1.915 1.915 1.65699 0.0583864 0 0
-0.54 0.24 1.93 1.93 1.70833 0.0591311 0 0
-0.46 0.26 1.945 1.945 1.75454 0.0596373 0 0
-0.38 0.28 1.96 1.96 1.796 0.0599255 0 0
-0.3 0.3 1.975 1.975 1.83303 0.060017 0 0
-0.22 0.32 1.99 1.99 1.8659 0.059928 0 0
-0.14 0.34 2.005 2.005 1.89484 0.0596726 0 0
-0.06 0.36 2.02 2.02 1.92 0.0592635 0 0
0.02 0.38 2.035 2.035 1.94155 0.0587122 0 0
0.1 0.4 2.05 2.05 1.95959 0.0580296 0 0
0.18 0.42 2.065 2.065 1.97423 0.0572253 0 0
0.26 0.44 2.08 2.08 1.98555 0.056307 0 0
0.34 0.46 2.095 2.095 1.99359 0.0552822 0 0
0.42 0.48 2.11 2.11 1.9984 0.0541582 0 0
0.5 0.5 2.125 2.125 2 0.0529405 0 0
0.58 0.52 2.14 2.14 1.9984 0.0516351 0 0
0.66 0.54 2.155 2.155 1.99359 0.0502475 0 0
0.74 0.56 2.17 2.17 1.98555 0.0487821 0 0
0.82 0.58 2.185 2.185 1.97423 0.0472426 0 0
0.9 0.6 2.2 2.2 1.95959 0.0456334 0 0
0.98 0.62 2.215 2.215 1.94155 0.0439579 0 0
1.06 0.64 2.23 2.23 1.92 0.042218 0 0
1.14 0.66 2.245 2.245 1.89484 0.0404166 0 0
1.22 0.68 2.26 2.26 1.8659 0.0385568 0 0
1.3 0.7 2.275 2.275 1.83303 0.0366391 0 0
1.38 0.72 2.29 2.29 1.796 0.0346659 0 0
1.46 0.74 2.305 2.305 1.75454 0.0326371 0 0
1.54 0.76 2.32 2.32 1.70833 0.0305557 0 0
1.62 0.78 2.335 2.335 1.65699 0.02842 0 0
1.7 0.8 2.35 2.35 1.6 0.0262315 0 0
1.78 0.82 2.365 2.365 1.53675 0.023989 0 0
1.86 0.84 2.38 2.38 1.46642 0.021694 0 0
1.94 0.86 2.395 2.395 1.38795 0.0193438 0 0
2.02 0.88 2.41 2.41 1.29985 0.0169385 0 0
2.1 0.9 2.425 2.425 1.2 0.014477 0 0
2.18 0.92 2.44 2.44 1.08517 0.0119574 0 0
2.26 0.94 2.455 2.455 0.949947 0.00937861 0 0
2.34 0.96 2.47 2.47 0.783837 0.00673673 0 0
2.42 0.98 2.485 2.485 0.56 0.00403606 0 0
2.5 1 2.5 2.5 0 0 0 0
